0 0.1109375 0.4484375 0.096875 0.121875
0 0.26796875 0.4484375 0.053125 0.0734375
0 0.44609375 0.45859375 0.08125 0.096875
0 0.44453125 0.27109375 0.103125 0.0953125
0 0.45703125 0.36640625 0.071875 0.078125
0 0.628125 0.18828125 0.1578125 0.2328125
0 0.125 0.7609375 0.11875 0.140625
0 0.28828125 0.7921875 0.071875 0.08125
0 0.9265625 0.7203125 0.0796875 0.1078125
0 0.9375 0.5890625 0.0421875 0.0640625
0 0.98046875 0.50078125 0.0390625 0.0671875
0 0.56015625 0.8484375 0.0484375 0.06875
0 0.8234375 0.9921875 0.046875 0.015625
0 0.7234375 0.65390625 0.0390625 0.0609375
0 0.77890625 0.81875 0.065625 0.096875
0 0.21015625 0.85546875 0.0484375 0.075
0 0.4203125 0.8640625 0.0875 0.1046875
0 0.49921875 0.97109375 0.0640625 0.0578125
0 0.50546875 0.50625 0.071875 0.1
0 0.54765625 0.3921875 0.071875 0.0890625
0 0.68046875 0.3609375 0.1015625 0.1015625
0 0.403125 0.57578125 0.06875 0.0828125
0 0.10234375 0.86328125 0.053125 0.065625