0 0.1078125 0.5109375 0.0859375 0.1140625
0 0.2640625 0.52734375 0.04609375 0.06953125
0 0.4421875 0.5359375 0.07265625 0.08984375
0 0.42109375 0.721875 0.0953125 0.0859375
0 0.44296875 0.628125 0.0640625 0.07109375
0 0.59453125 0.8234375 0.1359375 0.21953125
0 0.1546875 0.2015625 0.10625 0.1296875
0 0.3203125 0.1875 0.0640625 0.075
0 0.946875 0.32578125 0.06875 0.1015625
0 0.94453125 0.45703125 0.0359375 0.06015625
0 0.98125 0.54921875 0.0375 0.0640625
0 0.59609375 0.159375 0.0421875 0.0640625
0 0.875 0.0265625 0.0421875 0.0453125
0 0.73828125 0.3703125 0.03359375 0.0578125
0 0.8109375 0.2125 0.05625 0.0921875
0 0.24921875 0.11640625 0.04140625 0.07109375
0 0.45859375 0.1296875 0.07734375 0.09765625
0 0.5484375 0.028125 0.0578125 0.05625
0 0.50625 0.49453125 0.0625 0.09375
0 0.5359375 0.6125 0.0640625 0.0828125
0 0.66484375 0.65703125 0.0921875 0.0921875
0 0.41171875 0.41484375 0.0609375 0.0765625
0 0.1421875 0.096875 0.04765625 0.06171875